0.00000 0.55597 0.46863 0.65068 0.30135 0.47601 0.62239 0.66913 0.57934
0.55597 0.00000 0.29520 0.46248 0.45510 0.54982 0.31365 0.50554 0.46494
0.46863 0.29520 0.00000 0.55474 0.31980 0.48462 0.46125 0.57319 0.31857
0.65068 0.46248 0.55474 0.00000 0.60517 0.63715 0.29643 0.49938 0.61255
0.30135 0.45510 0.31980 0.60517 0.00000 0.30381 0.54613 0.61009 0.50062
0.47601 0.54982 0.48462 0.63715 0.30381 0.00000 0.61378 0.66298 0.58426
0.62239 0.31365 0.46125 0.29643 0.54613 0.61378 0.00000 0.34071 0.58795
0.66913 0.50554 0.57319 0.49938 0.61009 0.66298 0.34071 0.00000 0.62608
0.57934 0.46494 0.31857 0.61255 0.50062 0.58426 0.58795 0.62608 0.00000